xc: [-136.6395, 475.6712, 45.0710, -293.3261, -469.6675, 347.4827, 1206.2937, 1081.0277, 247.1538, -725.3007, -1102.7269, -1294.4515, -950.3092, -612.7267, 179.1499, 1148.3987]
yc: [-805.0165, 271.9113, 914.5283, 437.8898, -293.2904, -455.6827, 90.6478, 722.0618, 1276.2878, 1078.8590, 586.9562, -119.9789, -635.5685, -1132.7397, -1287.5950, -609.2368]

=== Resumo dos Resultados (dicionário retornado) ===
{
  "custo_total_usd": 302556.7942099255,
  "comprimento_total_m": 10530.465067169163,
  "perda_total_kw": 150.3230780743164,
  "perda_anual_mwh": 1316.8301639310116,
  "secao_cabo_mm2": 120
}